# Gate size [au]	F [kjmol]
5.679199676716368828e+00 nan
5.699242226621594298e+00 nan
5.719284776526819769e+00 nan
5.739327326432045240e+00 nan
5.759369876337270711e+00 nan
5.779412426242496181e+00 nan
5.799454976147721652e+00 nan
5.819497526052947123e+00 nan
5.839540075958172594e+00 nan
5.859582625863397176e+00 nan
5.879625175768622647e+00 nan
5.899667725673849006e+00 nan
5.919710275579074477e+00 nan
5.939752825484299059e+00 nan
5.959795375389524530e+00 nan
5.979837925294750001e+00 nan
5.999880475199975471e+00 6.808715378226997927e+01
6.019923025105200942e+00 nan
6.039965575010426413e+00 nan
6.060008124915650995e+00 nan
6.080050674820876466e+00 6.664901543864739608e+01
6.100093224726101937e+00 6.206107242422740455e+01
6.120135774631328296e+00 6.007363089945241086e+01
6.140178324536552878e+00 5.713356004269190436e+01
6.160220874441778349e+00 5.388334434062593914e+01
6.180263424347003820e+00 5.096020346117642674e+01
6.200305974252229291e+00 4.799392195499175529e+01
6.220348524157454762e+00 4.552266349531164735e+01
6.240391074062680232e+00 4.291776901976331260e+01
6.260433623967905703e+00 4.029955819689520524e+01
6.280476173873131174e+00 3.788220931610085529e+01
6.300518723778356645e+00 3.557055189748113122e+01
6.320561273683582115e+00 3.332124219778426522e+01
6.340603823588807586e+00 3.108269842567176156e+01
6.360646373494032169e+00 2.908966913512211860e+01
6.380688923399257639e+00 2.708110913903978911e+01
6.400731473304483998e+00 2.514886934696406939e+01
6.420774023209709469e+00 2.334487384205102956e+01
6.440816573114934052e+00 2.168374547515135831e+01
6.460859123020159522e+00 2.006202890448020071e+01
6.480901672925384105e+00 1.852552388247141479e+01
6.500944222830609576e+00 1.714856012203413371e+01
6.520986772735835935e+00 1.576337374641364697e+01
6.541029322641061405e+00 1.454827773660087509e+01
6.561071872546285988e+00 1.342999541255965035e+01
6.581114422451511459e+00 1.236868914997254443e+01
6.601156972356736929e+00 1.133617481703393537e+01
6.621199522261962400e+00 1.049119282955903465e+01
6.641242072167187871e+00 9.630957532943991595e+00
6.661284622072413342e+00 8.971050352570021147e+00
6.681327171977638812e+00 8.353497875761480174e+00
6.701369721882864283e+00 7.846019242715246200e+00
6.721412271788089754e+00 7.378776784340804973e+00
6.741454821693315225e+00 7.076261093985547923e+00
6.761497371598540695e+00 6.756180562438387938e+00
6.781539921503765278e+00 6.625382797573573512e+00
6.801582471408991637e+00 6.522511392395180074e+00
6.821625021314217108e+00 6.524267418713306732e+00
6.841667571219442578e+00 6.634854960738687524e+00
6.861710121124668049e+00 6.756514095372135209e+00
6.881752671029892632e+00 7.061090347394396893e+00
6.901795220935118103e+00 7.362787609019359358e+00
6.921837770840343573e+00 7.809692692386327906e+00
6.941880320745569044e+00 8.237086334429395862e+00
6.961922870650794515e+00 8.825555706863758232e+00
6.981965420556019986e+00 9.451107800115870816e+00
7.002007970461245456e+00 1.015408199034117231e+01
7.022050520366470927e+00 1.091906829885120267e+01
7.042093070271695510e+00 1.178068182498490124e+01
7.062135620176920980e+00 1.271750763662320338e+01
7.082178170082146451e+00 1.372514687600421013e+01
7.102220719987371922e+00 1.474267686277122458e+01
7.122263269892598281e+00 1.593494058310574424e+01
7.142305819797822863e+00 1.713359939204460503e+01
7.162348369703048334e+00 1.836708675441246896e+01
7.182390919608273805e+00 1.965613517223101780e+01
7.202433469513499276e+00 2.107519297278259884e+01
7.222476019418724746e+00 2.239597133172588883e+01
7.242518569323950217e+00 2.384572060837253815e+01
7.262561119229175688e+00 2.533474204509714411e+01
7.282603669134401159e+00 2.693096622800656093e+01
7.302646219039626629e+00 2.852525730148257210e+01
7.322688768944852100e+00 3.010196049141754671e+01
7.342731318850077571e+00 3.169668487227927045e+01
7.362773868755302153e+00 3.336772448025115523e+01
7.382816418660527624e+00 3.497510624004051039e+01
7.402858968565753983e+00 3.657707087217942643e+01
7.422901518470979454e+00 3.827059567679351204e+01
7.442944068376204036e+00 3.984408698767815338e+01
7.462986618281429507e+00 4.126250131280458788e+01
7.483029168186654978e+00 4.271808405841070311e+01
7.503071718091880449e+00 4.408340437551606783e+01
7.523114267997105920e+00 4.524118912389246105e+01
7.543156817902331390e+00 4.652138515389285800e+01
7.563199367807556861e+00 4.812841468822935553e+01
7.583241917712781444e+00 4.946145043068384695e+01
7.603284467618006914e+00 5.044821335384357752e+01
7.623327017523232385e+00 5.126867810809315529e+01
7.643369567428457856e+00 5.320139718325964395e+01
